0 0 0
0 256 -1
0 512 -2
0 768 -3
0 1024 -3
0 1280 -4
0 1536 -4
0 1792 -5
0 2048 -5
0 2304 -5
0 2560 -4
0 2816 -4
0 3072 -3
0 3328 -2
0 3584 -2
0 3840 -1
1 0 1
1 256 2
1 512 3
1 768 4
1 1024 5
1 1280 5
1 1536 6
1 1792 6
1 2048 7
1 2304 6
1 2560 6
1 2816 5
1 3072 4
1 3328 3
1 3584 2
1 3840 1
2 0 -1
2 256 -2
2 512 -4
2 768 -5
2 1024 -6
2 1280 -7
2 1536 -8
2 1792 -9
2 2048 -9
2 2304 -9
2 2560 -8
2 2816 -7
2 3072 -6
2 3328 -5
2 3584 -3
2 3840 -1
3 0 1
3 256 3
3 512 5
3 768 7
3 1024 8
3 1280 10
3 1536 11
3 1792 11
3 2048 11
3 2304 11
3 2560 10
3 2816 9
3 3072 8
3 3328 6
3 3584 4
3 3840 1
4 0 -1
4 256 -4
4 512 -6
4 768 -9
4 1024 -11
4 1280 -12
4 1536 -14
4 1792 -14
4 2048 -14
4 2304 -14
4 2560 -13
4 2816 -12
4 3072 -10
4 3328 -7
4 3584 -5
4 3840 -2
5 0 2
5 256 5
5 512 8
5 768 11
5 1024 13
5 1280 15
5 1536 17
5 1792 18
5 2048 18
5 2304 18
5 2560 16
5 2816 15
5 3072 12
5 3328 9
5 3584 6
5 3840 2
6 0 -2
6 256 -6
6 512 -10
6 768 -13
6 1024 -16
6 1280 -19
6 1536 -21
6 1792 -22
6 2048 -22
6 2304 -22
6 2560 -20
6 2816 -18
6 3072 -15
6 3328 -11
6 3584 -7
6 3840 -2
7 0 2
7 256 7
7 512 12
7 768 16
7 1024 20
7 1280 23
7 1536 25
7 1792 27
7 2048 27
7 2304 26
7 2560 24
7 2816 22
7 3072 18
7 3328 14
7 3584 8
7 3840 3
8 0 -3
8 256 -9
8 512 -14
8 768 -20
8 1024 -24
8 1280 -28
8 1536 -30
8 1792 -32
8 2048 -32
8 2304 -31
8 2560 -29
8 2816 -26
8 3072 -22
8 3328 -16
8 3584 -10
8 3840 -3
9 0 3
9 256 10
9 512 17
9 768 23
9 1024 29
9 1280 33
9 1536 36
9 1792 38
9 2048 39
9 2304 37
9 2560 35
9 2816 31
9 3072 26
9 3328 19
9 3584 12
9 3840 4
10 0 -4
10 256 -12
10 512 -20
10 768 -28
10 1024 -34
10 1280 -39
10 1536 -43
10 1792 -45
10 2048 -45
10 2304 -44
10 2560 -41
10 2816 -36
10 3072 -30
10 3328 -23
10 3584 -14
10 3840 -5
11 0 5
11 256 15
11 512 24
11 768 32
11 1024 40
11 1280 46
11 1536 50
11 1792 53
11 2048 53
11 2304 52
11 2560 48
11 2816 43
11 3072 35
11 3328 26
11 3584 16
11 3840 6
12 0 -6
12 256 -17
12 512 -28
12 768 -38
12 1024 -46
12 1280 -53
12 1536 -58
12 1792 -61
12 2048 -62
12 2304 -60
12 2560 -56
12 2816 -49
12 3072 -41
12 3328 -31
12 3584 -19
12 3840 -7
13 0 7
13 256 20
13 512 32
13 768 44
13 1024 54
13 1280 62
13 1536 68
13 1792 71
13 2048 72
13 2304 70
13 2560 65
13 2816 57
13 3072 47
13 3328 35
13 3584 22
13 3840 8
14 0 -8
14 256 -23
14 512 -37
14 768 -50
14 1024 -62
14 1280 -71
14 1536 -78
14 1792 -82
14 2048 -82
14 2304 -80
14 2560 -74
14 2816 -66
14 3072 -54
14 3328 -41
14 3584 -25
14 3840 -9
15 0 9
15 256 26
15 512 43
15 768 58
15 1024 71
15 1280 82
15 1536 89
15 1792 94
15 2048 94
15 2304 91
15 2560 85
15 2816 75
15 3072 62
15 3328 47
15 3584 29
15 3840 10
16 0 -10
16 256 -30
16 512 -49
16 768 -66
16 1024 -81
16 1280 -93
16 1536 -102
16 1792 -107
16 2048 -107
16 2304 -104
16 2560 -97
16 2816 -86
16 3072 -71
16 3328 -53
16 3584 -33
16 3840 -11
17 0 11
17 256 34
17 512 55
17 768 75
17 1024 92
17 1280 106
17 1536 115
17 1792 121
17 2048 122
17 2304 118
17 2560 110
17 2816 97
17 3072 80
17 3328 60
17 3584 37
17 3840 13
18 0 -13
18 256 -38
18 512 -62
18 768 -85
18 1024 -104
18 1280 -119
18 1536 -131
18 1792 -137
18 2048 -138
18 2304 -134
18 2560 -124
18 2816 -110
18 3072 -91
18 3328 -68
18 3584 -42
18 3840 -14
19 0 14
19 256 43
19 512 70
19 768 95
19 1024 117
19 1280 135
19 1536 147
19 1792 154
19 2048 155
19 2304 150
19 2560 140
19 2816 123
19 3072 102
19 3328 76
19 3584 47
19 3840 16
20 0 -16
20 256 -48
20 512 -79
20 768 -107
20 1024 -132
20 1280 -151
20 1536 -165
20 1792 -173
20 2048 -174
20 2304 -169
20 2560 -157
20 2816 -138
20 3072 -114
20 3328 -86
20 3584 -53
20 3840 -18
21 0 18
21 256 54
21 512 89
21 768 120
21 1024 147
21 1280 169
21 1536 185
21 1792 194
21 2048 195
21 2304 189
21 2560 175
21 2816 155
21 3072 128
21 3328 96
21 3584 59
21 3840 20
22 0 -20
22 256 -60
22 512 -99
22 768 -134
22 1024 -164
22 1280 -189
22 1536 -206
22 1792 -216
22 2048 -217
22 2304 -211
22 2560 -195
22 2816 -172
22 3072 -142
22 3328 -107
22 3584 -66
22 3840 -22
23 0 23
23 256 67
23 512 110
23 768 149
23 1024 183
23 1280 210
23 1536 230
23 1792 240
23 2048 242
23 2304 234
23 2560 217
23 2816 192
23 3072 158
23 3328 118
23 3584 73
23 3840 25
24 0 -25
24 256 -75
24 512 -122
24 768 -166
24 1024 -203
24 1280 -233
24 1536 -255
24 1792 -267
24 2048 -269
24 2304 -260
24 2560 -241
24 2816 -213
24 3072 -176
24 3328 -131
24 3584 -81
24 3840 -28
25 0 28
25 256 83
25 512 136
25 768 184
25 1024 225
25 1280 259
25 1536 282
25 1792 295
25 2048 297
25 2304 288
25 2560 267
25 2816 235
25 3072 194
25 3328 145
25 3584 90
25 3840 31
26 0 -31
26 256 -92
26 512 -150
26 768 -203
26 1024 -249
26 1280 -286
26 1536 -312
26 1792 -326
26 2048 -328
26 2304 -318
26 2560 -295
26 2816 -260
26 3072 -215
26 3328 -160
26 3584 -99
26 3840 -34
27 0 34
27 256 101
27 512 165
27 768 224
27 1024 274
27 1280 315
27 1536 344
27 1792 360
27 2048 362
27 2304 350
27 2560 325
27 2816 286
27 3072 236
27 3328 177
27 3584 109
27 3840 37
28 0 -37
28 256 -111
28 512 -182
28 768 -246
28 1024 -302
28 1280 -347
28 1536 -378
28 1792 -396
28 2048 -398
28 2304 -385
28 2560 -357
28 2816 -315
28 3072 -260
28 3328 -194
28 3584 -120
28 3840 -41
29 0 41
29 256 122
29 512 200
29 768 271
29 1024 332
29 1280 381
29 1536 416
29 1792 435
29 2048 437
29 2304 423
29 2560 392
29 2816 346
29 3072 285
29 3328 213
29 3584 132
29 3840 45
30 0 -45
30 256 -134
30 512 -219
30 768 -297
30 1024 -364
30 1280 -418
30 1536 -456
30 1792 -477
30 2048 -479
30 2304 -464
30 2560 -430
30 2816 -379
30 3072 -313
30 3328 -234
30 3584 -145
30 3840 -49
31 0 49
31 256 147
31 512 240
31 768 325
31 1024 399
31 1280 457
31 1536 499
31 1792 522
31 2048 525
31 2304 507
31 2560 470
31 2816 414
31 3072 342
31 3328 256
31 3584 158
31 3840 54
32 0 -54
32 256 -161
32 512 -263
32 768 -356
32 1024 -436
32 1280 -500
32 1536 -545
32 1792 -570
32 2048 -574
32 2304 -555
32 2560 -514
32 2816 -453
32 3072 -374
32 3328 -279
32 3584 -173
32 3840 -59
33 0 59
33 256 176
33 512 287
33 768 388
33 1024 476
33 1280 546
33 1536 596
33 1792 623
33 2048 626
33 2304 605
33 2560 561
33 2816 494
33 3072 408
33 3328 305
33 3584 189
33 3840 64
34 0 -64
34 256 -192
34 512 -313
34 768 -424
34 1024 -519
34 1280 -595
34 1536 -649
34 1792 -679
34 2048 -683
34 2304 -660
34 2560 -611
34 2816 -539
34 3072 -445
34 3328 -332
34 3584 -206
34 3840 -70
35 0 70
35 256 209
35 512 341
35 768 462
35 1024 565
35 1280 648
35 1536 707
35 1792 740
35 2048 744
35 2304 719
35 2560 666
35 2816 587
35 3072 484
35 3328 362
35 3584 224
35 3840 76
36 0 -76
36 256 -227
36 512 -371
36 768 -502
36 1024 -615
36 1280 -706
36 1536 -770
36 1792 -805
36 2048 -809
36 2304 -782
36 2560 -725
36 2816 -638
36 3072 -527
36 3328 -393
36 3584 -244
36 3840 -83
37 0 83
37 256 247
37 512 404
37 768 546
37 1024 669
37 1280 768
37 1536 837
37 1792 875
37 2048 880
37 2304 850
37 2560 788
37 2816 694
37 3072 573
37 3328 428
37 3584 265
37 3840 90
38 0 -90
38 256 -269
38 512 -439
38 768 -594
38 1024 -727
38 1280 -834
38 1536 -910
38 1792 -951
38 2048 -956
38 2304 -924
38 2560 -856
38 2816 -754
38 3072 -622
38 3328 -465
38 3584 -288
38 3840 -98
39 0 98
39 256 292
39 512 477
39 768 645
39 1024 790
39 1280 906
39 1536 988
39 1792 1033
39 2048 1039
39 2304 1004
39 2560 930
39 2816 819
39 3072 676
39 3328 505
39 3584 312
39 3840 106
40 0 -107
40 256 -317
40 512 -518
40 768 -701
40 1024 -858
40 1280 -984
40 1536 -1073
40 1792 -1122
40 2048 -1128
40 2304 -1090
40 2560 -1010
40 2816 -890
40 3072 -734
40 3328 -548
40 3584 -339
40 3840 -115
41 0 116
41 256 345
41 512 562
41 768 761
41 1024 932
41 1280 1068
41 1536 1165
41 1792 1218
41 2048 1224
41 2304 1183
41 2560 1096
41 2816 966
41 3072 797
41 3328 595
41 3584 368
41 3840 125
42 0 -126
42 256 -374
42 512 -611
42 768 -826
42 1024 -1012
42 1280 -1160
42 1536 -1265
42 1792 -1323
42 2048 -1330
42 2304 -1285
42 2560 -1190
42 2816 -1049
42 3072 -865
42 3328 -646
42 3584 -400
42 3840 -136
43 0 136
43 256 406
43 512 663
43 768 897
43 1024 1099
43 1280 1260
43 1536 1374
43 1792 1437
43 2048 1444
43 2304 1396
43 2560 1293
43 2816 1139
43 3072 940
43 3328 702
43 3584 435
43 3840 147
44 0 -148
44 256 -441
44 512 -720
44 768 -975
44 1024 -1194
44 1280 -1369
44 1536 -1493
44 1792 -1561
44 2048 -1569
44 2304 -1517
44 2560 -1405
44 2816 -1238
44 3072 -1022
44 3328 -763
44 3584 -472
44 3840 -160
45 0 161
45 256 480
45 512 783
45 768 1060
45 1024 1298
45 1280 1489
45 1536 1624
45 1792 1698
45 2048 1707
45 2304 1650
45 2560 1529
45 2816 1347
45 3072 1111
45 3328 830
45 3584 514
45 3840 174
46 0 -175
46 256 -522
46 512 -853
46 768 -1154
46 1024 -1413
46 1280 -1621
46 1536 -1768
46 1792 -1849
46 2048 -1859
46 2304 -1797
46 2560 -1665
46 2816 -1467
46 3072 -1211
46 3328 -905
46 3584 -560
46 3840 -190
47 0 191
47 256 569
47 512 929
47 768 1258
47 1024 1541
47 1280 1767
47 1536 1928
47 1792 2016
47 2048 2027
47 2304 1960
47 2560 1816
47 2816 1601
47 3072 1321
47 3328 987
47 3584 611
47 3840 208
48 0 -209
48 256 -621
48 512 -1015
48 768 -1373
48 1024 -1683
48 1280 -1930
48 1536 -2106
48 1792 -2203
48 2048 -2215
48 2304 -2142
48 2560 -1985
48 2816 -1750
48 3072 -1444
48 3328 -1079
48 3584 -668
48 3840 -227
49 0 228
49 256 680
49 512 1110
49 768 1503
49 1024 1842
49 1280 2114
49 1536 2307
49 1792 2413
49 2048 2427
49 2304 2347
49 2560 2176
49 2816 1918
49 3072 1583
49 3328 1183
49 3584 733
49 3840 249
50 0 -250
50 256 -746
50 512 -1219
50 768 -1650
50 1024 -2022
50 1280 -2321
50 1536 -2533
50 1792 -2650
50 2048 -2666
50 2304 -2579
50 2560 -2392
50 2816 -2109
50 3072 -1741
50 3328 -1302
50 3584 -807
50 3840 -274
51 0 276
51 256 821
51 512 1342
51 768 1817
51 1024 2228
51 1280 2558
51 1536 2793
51 1792 2923
51 2048 2941
51 2304 2846
51 2560 2639
51 2816 2328
51 3072 1923
51 3328 1438
51 3584 891
51 3840 303
52 0 -305
52 256 -908
52 512 -1485
52 768 -2011
52 1024 -2467
52 1280 -2832
52 1536 -3094
52 1792 -3238
52 2048 -3260
52 2304 -3155
52 2560 -2927
52 2816 -2583
52 3072 -2134
52 3328 -1596
52 3584 -990
52 3840 -336
53 0 339
53 256 1010
53 512 1652
53 768 2238
53 1024 2746
53 1280 3154
53 1536 3446
53 1792 3609
53 2048 3635
53 2304 3520
53 2560 3267
53 2816 2884
53 3072 2384
53 3328 1784
53 3584 1106
53 3840 376
54 0 -379
54 256 -1131
54 512 -1850
54 768 -2508
54 1024 -3078
54 1280 -3538
54 1536 -3868
54 1792 -4053
54 2048 -4083
54 2304 -3956
54 2560 -3674
54 2816 -3245
54 3072 -2683
54 3328 -2009
54 3584 -1247
54 3840 -424
55 0 428
55 256 1277
55 512 2090
55 768 2835
55 1024 3482
55 1280 4005
55 1536 4381
55 1792 4593
55 2048 4631
55 2304 4490
55 2560 4173
55 2816 3688
55 3072 3052
55 3328 2287
55 3584 1420
55 3840 484
56 0 -488
56 256 -1458
56 512 -2388
56 768 -3242
56 1024 -3985
56 1280 -4587
56 1536 -5022
56 1792 -5270
56 2048 -5318
56 2304 -5161
56 2560 -4800
56 2816 -4247
56 3072 -3518
56 3328 -2639
56 3584 -1640
56 3840 -559
57 0 565
57 256 1689
57 512 2769
57 768 3763
57 1024 4631
57 1280 5337
57 1536 5850
57 1792 6146
57 2048 6209
57 2304 6033
57 2560 5618
57 2816 4976
57 3072 4128
57 3328 3100
57 3584 1930
57 3840 659
58 0 -666
58 256 -1995
58 512 -3276
58 768 -4459
58 1024 -5495
58 1280 -6342
58 1536 -6963
58 1792 -7327
58 2048 -7415
58 2304 -7216
58 2560 -6732
58 2816 -5973
58 3072 -4963
58 3328 -3735
58 3584 -2329
58 3840 -797
59 0 807
59 256 2422
59 512 3986
59 768 5436
59 1024 6715
59 1280 7768
59 1536 8547
59 1792 9015
59 2048 9146
59 2304 8923
59 2560 8345
59 2816 7425
59 3072 6186
59 3328 4668
59 3584 2919
59 3840 1001
60 0 -1018
60 256 -3063
60 512 -5057
60 768 -6921
60 1024 -8578
60 1280 -9958
60 1536 -10997
60 1792 -11643
60 2048 -11857
60 2304 -11614
60 2560 -10907
60 2816 -9746
60 3072 -8156
60 3328 -6182
60 3584 -3885
60 3840 -1339
61 0 1368
61 256 4140
61 512 6872
61 768 9459
61 1024 11793
61 1280 13775
61 1536 15311
61 1792 16320
61 2048 16738
61 2304 16517
61 2560 15631
61 2816 14080
61 3072 11883
61 3328 9088
61 3584 5764
61 3840 2007
62 0 -2071
62 256 -6335
62 512 -10639
62 768 -14822
62 1024 -18721
62 1280 -22168
62 1536 -25001
62 1792 -27066
62 2048 -28222
62 2304 -28347
62 2560 -27344
62 2816 -25139
62 3072 -21692
62 3328 -16992
62 3584 -11063
62 3840 -3962
63 0 4218
63 256 13356
63 512 23297
63 768 33863
63 1024 44854
63 1280 56051
63 1536 67225
63 1792 78140
63 2048 88564
63 2304 98266
63 2560 107032
63 2816 114666
63 3072 120994
63 3328 125871
63 3584 129187
63 3840 130864
64 0 130864
64 256 129187
64 512 125871
64 768 120994
64 1024 114666
64 1280 107032
64 1536 98266
64 1792 88564
64 2048 78140
64 2304 67225
64 2560 56051
64 2816 44854
64 3072 33863
64 3328 23297
64 3584 13356
64 3840 4218
65 0 -3962
65 256 -11063
65 512 -16992
65 768 -21692
65 1024 -25139
65 1280 -27344
65 1536 -28347
65 1792 -28222
65 2048 -27066
65 2304 -25001
65 2560 -22168
65 2816 -18721
65 3072 -14822
65 3328 -10639
65 3584 -6335
65 3840 -2071
66 0 2007
66 256 5764
66 512 9088
66 768 11883
66 1024 14080
66 1280 15631
66 1536 16517
66 1792 16738
66 2048 16320
66 2304 15311
66 2560 13775
66 2816 11793
66 3072 9459
66 3328 6872
66 3584 4140
66 3840 1368
67 0 -1339
67 256 -3885
67 512 -6182
67 768 -8156
67 1024 -9746
67 1280 -10907
67 1536 -11614
67 1792 -11857
67 2048 -11643
67 2304 -10997
67 2560 -9958
67 2816 -8578
67 3072 -6921
67 3328 -5057
67 3584 -3063
67 3840 -1018
68 0 1001
68 256 2919
68 512 4668
68 768 6186
68 1024 7425
68 1280 8345
68 1536 8923
68 1792 9146
68 2048 9015
68 2304 8547
68 2560 7768
68 2816 6715
68 3072 5436
68 3328 3986
68 3584 2422
68 3840 807
69 0 -797
69 256 -2329
69 512 -3735
69 768 -4963
69 1024 -5973
69 1280 -6732
69 1536 -7216
69 1792 -7415
69 2048 -7327
69 2304 -6963
69 2560 -6342
69 2816 -5495
69 3072 -4459
69 3328 -3276
69 3584 -1995
69 3840 -666
70 0 659
70 256 1930
70 512 3100
70 768 4128
70 1024 4976
70 1280 5618
70 1536 6033
70 1792 6209
70 2048 6146
70 2304 5850
70 2560 5337
70 2816 4631
70 3072 3763
70 3328 2769
70 3584 1689
70 3840 565
71 0 -559
71 256 -1640
71 512 -2639
71 768 -3518
71 1024 -4247
71 1280 -4800
71 1536 -5161
71 1792 -5318
71 2048 -5270
71 2304 -5022
71 2560 -4587
71 2816 -3985
71 3072 -3242
71 3328 -2388
71 3584 -1458
71 3840 -488
72 0 484
72 256 1420
72 512 2287
72 768 3052
72 1024 3688
72 1280 4173
72 1536 4490
72 1792 4631
72 2048 4593
72 2304 4381
72 2560 4005
72 2816 3482
72 3072 2835
72 3328 2090
72 3584 1277
72 3840 428
73 0 -424
73 256 -1247
73 512 -2009
73 768 -2683
73 1024 -3245
73 1280 -3674
73 1536 -3956
73 1792 -4083
73 2048 -4053
73 2304 -3868
73 2560 -3538
73 2816 -3078
73 3072 -2508
73 3328 -1850
73 3584 -1131
73 3840 -379
74 0 376
74 256 1106
74 512 1784
74 768 2384
74 1024 2884
74 1280 3267
74 1536 3520
74 1792 3635
74 2048 3609
74 2304 3446
74 2560 3154
74 2816 2746
74 3072 2238
74 3328 1652
74 3584 1010
74 3840 339
75 0 -336
75 256 -990
75 512 -1596
75 768 -2134
75 1024 -2583
75 1280 -2927
75 1536 -3155
75 1792 -3260
75 2048 -3238
75 2304 -3094
75 2560 -2832
75 2816 -2467
75 3072 -2011
75 3328 -1485
75 3584 -908
75 3840 -305
76 0 303
76 256 891
76 512 1438
76 768 1923
76 1024 2328
76 1280 2639
76 1536 2846
76 1792 2941
76 2048 2923
76 2304 2793
76 2560 2558
76 2816 2228
76 3072 1817
76 3328 1342
76 3584 821
76 3840 276
77 0 -274
77 256 -807
77 512 -1302
77 768 -1741
77 1024 -2109
77 1280 -2392
77 1536 -2579
77 1792 -2666
77 2048 -2650
77 2304 -2533
77 2560 -2321
77 2816 -2022
77 3072 -1650
77 3328 -1219
77 3584 -746
77 3840 -250
78 0 249
78 256 733
78 512 1183
78 768 1583
78 1024 1918
78 1280 2176
78 1536 2347
78 1792 2427
78 2048 2413
78 2304 2307
78 2560 2114
78 2816 1842
78 3072 1503
78 3328 1110
78 3584 680
78 3840 228
79 0 -227
79 256 -668
79 512 -1079
79 768 -1444
79 1024 -1750
79 1280 -1985
79 1536 -2142
79 1792 -2215
79 2048 -2203
79 2304 -2106
79 2560 -1930
79 2816 -1683
79 3072 -1373
79 3328 -1015
79 3584 -621
79 3840 -209
80 0 208
80 256 611
80 512 987
80 768 1321
80 1024 1601
80 1280 1816
80 1536 1960
80 1792 2027
80 2048 2016
80 2304 1928
80 2560 1767
80 2816 1541
80 3072 1258
80 3328 929
80 3584 569
80 3840 191
81 0 -190
81 256 -560
81 512 -905
81 768 -1211
81 1024 -1467
81 1280 -1665
81 1536 -1797
81 1792 -1859
81 2048 -1849
81 2304 -1768
81 2560 -1621
81 2816 -1413
81 3072 -1154
81 3328 -853
81 3584 -522
81 3840 -175
82 0 174
82 256 514
82 512 830
82 768 1111
82 1024 1347
82 1280 1529
82 1536 1650
82 1792 1707
82 2048 1698
82 2304 1624
82 2560 1489
82 2816 1298
82 3072 1060
82 3328 783
82 3584 480
82 3840 161
83 0 -160
83 256 -472
83 512 -763
83 768 -1022
83 1024 -1238
83 1280 -1405
83 1536 -1517
83 1792 -1569
83 2048 -1561
83 2304 -1493
83 2560 -1369
83 2816 -1194
83 3072 -975
83 3328 -720
83 3584 -441
83 3840 -148
84 0 147
84 256 435
84 512 702
84 768 940
84 1024 1139
84 1280 1293
84 1536 1396
84 1792 1444
84 2048 1437
84 2304 1374
84 2560 1260
84 2816 1099
84 3072 897
84 3328 663
84 3584 406
84 3840 136
85 0 -136
85 256 -400
85 512 -646
85 768 -865
85 1024 -1049
85 1280 -1190
85 1536 -1285
85 1792 -1330
85 2048 -1323
85 2304 -1265
85 2560 -1160
85 2816 -1012
85 3072 -826
85 3328 -611
85 3584 -374
85 3840 -126
86 0 125
86 256 368
86 512 595
86 768 797
86 1024 966
86 1280 1096
86 1536 1183
86 1792 1224
86 2048 1218
86 2304 1165
86 2560 1068
86 2816 932
86 3072 761
86 3328 562
86 3584 345
86 3840 116
87 0 -115
87 256 -339
87 512 -548
87 768 -734
87 1024 -890
87 1280 -1010
87 1536 -1090
87 1792 -1128
87 2048 -1122
87 2304 -1073
87 2560 -984
87 2816 -858
87 3072 -701
87 3328 -518
87 3584 -317
87 3840 -107
88 0 106
88 256 312
88 512 505
88 768 676
88 1024 819
88 1280 930
88 1536 1004
88 1792 1039
88 2048 1033
88 2304 988
88 2560 906
88 2816 790
88 3072 645
88 3328 477
88 3584 292
88 3840 98
89 0 -98
89 256 -288
89 512 -465
89 768 -622
89 1024 -754
89 1280 -856
89 1536 -924
89 1792 -956
89 2048 -951
89 2304 -910
89 2560 -834
89 2816 -727
89 3072 -594
89 3328 -439
89 3584 -269
89 3840 -90
90 0 90
90 256 265
90 512 428
90 768 573
90 1024 694
90 1280 788
90 1536 850
90 1792 880
90 2048 875
90 2304 837
90 2560 768
90 2816 669
90 3072 546
90 3328 404
90 3584 247
90 3840 83
91 0 -83
91 256 -244
91 512 -393
91 768 -527
91 1024 -638
91 1280 -725
91 1536 -782
91 1792 -809
91 2048 -805
91 2304 -770
91 2560 -706
91 2816 -615
91 3072 -502
91 3328 -371
91 3584 -227
91 3840 -76
92 0 76
92 256 224
92 512 362
92 768 484
92 1024 587
92 1280 666
92 1536 719
92 1792 744
92 2048 740
92 2304 707
92 2560 648
92 2816 565
92 3072 462
92 3328 341
92 3584 209
92 3840 70
93 0 -70
93 256 -206
93 512 -332
93 768 -445
93 1024 -539
93 1280 -611
93 1536 -660
93 1792 -683
93 2048 -679
93 2304 -649
93 2560 -595
93 2816 -519
93 3072 -424
93 3328 -313
93 3584 -192
93 3840 -64
94 0 64
94 256 189
94 512 305
94 768 408
94 1024 494
94 1280 561
94 1536 605
94 1792 626
94 2048 623
94 2304 596
94 2560 546
94 2816 476
94 3072 388
94 3328 287
94 3584 176
94 3840 59
95 0 -59
95 256 -173
95 512 -279
95 768 -374
95 1024 -453
95 1280 -514
95 1536 -555
95 1792 -574
95 2048 -570
95 2304 -545
95 2560 -500
95 2816 -436
95 3072 -356
95 3328 -263
95 3584 -161
95 3840 -54
96 0 54
96 256 158
96 512 256
96 768 342
96 1024 414
96 1280 470
96 1536 507
96 1792 525
96 2048 522
96 2304 499
96 2560 457
96 2816 399
96 3072 325
96 3328 240
96 3584 147
96 3840 49
97 0 -49
97 256 -145
97 512 -234
97 768 -313
97 1024 -379
97 1280 -430
97 1536 -464
97 1792 -479
97 2048 -477
97 2304 -456
97 2560 -418
97 2816 -364
97 3072 -297
97 3328 -219
97 3584 -134
97 3840 -45
98 0 45
98 256 132
98 512 213
98 768 285
98 1024 346
98 1280 392
98 1536 423
98 1792 437
98 2048 435
98 2304 416
98 2560 381
98 2816 332
98 3072 271
98 3328 200
98 3584 122
98 3840 41
99 0 -41
99 256 -120
99 512 -194
99 768 -260
99 1024 -315
99 1280 -357
99 1536 -385
99 1792 -398
99 2048 -396
99 2304 -378
99 2560 -347
99 2816 -302
99 3072 -246
99 3328 -182
99 3584 -111
99 3840 -37
100 0 37
100 256 109
100 512 177
100 768 236
100 1024 286
100 1280 325
100 1536 350
100 1792 362
100 2048 360
100 2304 344
100 2560 315
100 2816 274
100 3072 224
100 3328 165
100 3584 101
100 3840 34
101 0 -34
101 256 -99
101 512 -160
101 768 -215
101 1024 -260
101 1280 -295
101 1536 -318
101 1792 -328
101 2048 -326
101 2304 -312
101 2560 -286
101 2816 -249
101 3072 -203
101 3328 -150
101 3584 -92
101 3840 -31
102 0 31
102 256 90
102 512 145
102 768 194
102 1024 235
102 1280 267
102 1536 288
102 1792 297
102 2048 295
102 2304 282
102 2560 259
102 2816 225
102 3072 184
102 3328 136
102 3584 83
102 3840 28
103 0 -28
103 256 -81
103 512 -131
103 768 -176
103 1024 -213
103 1280 -241
103 1536 -260
103 1792 -269
103 2048 -267
103 2304 -255
103 2560 -233
103 2816 -203
103 3072 -166
103 3328 -122
103 3584 -75
103 3840 -25
104 0 25
104 256 73
104 512 118
104 768 158
104 1024 192
104 1280 217
104 1536 234
104 1792 242
104 2048 240
104 2304 230
104 2560 210
104 2816 183
104 3072 149
104 3328 110
104 3584 67
104 3840 23
105 0 -22
105 256 -66
105 512 -107
105 768 -142
105 1024 -172
105 1280 -195
105 1536 -211
105 1792 -217
105 2048 -216
105 2304 -206
105 2560 -189
105 2816 -164
105 3072 -134
105 3328 -99
105 3584 -60
105 3840 -20
106 0 20
106 256 59
106 512 96
106 768 128
106 1024 155
106 1280 175
106 1536 189
106 1792 195
106 2048 194
106 2304 185
106 2560 169
106 2816 147
106 3072 120
106 3328 89
106 3584 54
106 3840 18
107 0 -18
107 256 -53
107 512 -86
107 768 -114
107 1024 -138
107 1280 -157
107 1536 -169
107 1792 -174
107 2048 -173
107 2304 -165
107 2560 -151
107 2816 -132
107 3072 -107
107 3328 -79
107 3584 -48
107 3840 -16
108 0 16
108 256 47
108 512 76
108 768 102
108 1024 123
108 1280 140
108 1536 150
108 1792 155
108 2048 154
108 2304 147
108 2560 135
108 2816 117
108 3072 95
108 3328 70
108 3584 43
108 3840 14
109 0 -14
109 256 -42
109 512 -68
109 768 -91
109 1024 -110
109 1280 -124
109 1536 -134
109 1792 -138
109 2048 -137
109 2304 -131
109 2560 -119
109 2816 -104
109 3072 -85
109 3328 -62
109 3584 -38
109 3840 -13
110 0 13
110 256 37
110 512 60
110 768 80
110 1024 97
110 1280 110
110 1536 118
110 1792 122
110 2048 121
110 2304 115
110 2560 106
110 2816 92
110 3072 75
110 3328 55
110 3584 34
110 3840 11
111 0 -11
111 256 -33
111 512 -53
111 768 -71
111 1024 -86
111 1280 -97
111 1536 -104
111 1792 -107
111 2048 -107
111 2304 -102
111 2560 -93
111 2816 -81
111 3072 -66
111 3328 -49
111 3584 -30
111 3840 -10
112 0 10
112 256 29
112 512 47
112 768 62
112 1024 75
112 1280 85
112 1536 91
112 1792 94
112 2048 94
112 2304 89
112 2560 82
112 2816 71
112 3072 58
112 3328 43
112 3584 26
112 3840 9
113 0 -9
113 256 -25
113 512 -41
113 768 -54
113 1024 -66
113 1280 -74
113 1536 -80
113 1792 -82
113 2048 -82
113 2304 -78
113 2560 -71
113 2816 -62
113 3072 -50
113 3328 -37
113 3584 -23
113 3840 -8
114 0 8
114 256 22
114 512 35
114 768 47
114 1024 57
114 1280 65
114 1536 70
114 1792 72
114 2048 71
114 2304 68
114 2560 62
114 2816 54
114 3072 44
114 3328 32
114 3584 20
114 3840 7
115 0 -7
115 256 -19
115 512 -31
115 768 -41
115 1024 -49
115 1280 -56
115 1536 -60
115 1792 -62
115 2048 -61
115 2304 -58
115 2560 -53
115 2816 -46
115 3072 -38
115 3328 -28
115 3584 -17
115 3840 -6
116 0 6
116 256 16
116 512 26
116 768 35
116 1024 43
116 1280 48
116 1536 52
116 1792 53
116 2048 53
116 2304 50
116 2560 46
116 2816 40
116 3072 32
116 3328 24
116 3584 15
116 3840 5
117 0 -5
117 256 -14
117 512 -23
117 768 -30
117 1024 -36
117 1280 -41
117 1536 -44
117 1792 -45
117 2048 -45
117 2304 -43
117 2560 -39
117 2816 -34
117 3072 -28
117 3328 -20
117 3584 -12
117 3840 -4
118 0 4
118 256 12
118 512 19
118 768 26
118 1024 31
118 1280 35
118 1536 37
118 1792 39
118 2048 38
118 2304 36
118 2560 33
118 2816 29
118 3072 23
118 3328 17
118 3584 10
118 3840 3
119 0 -3
119 256 -10
119 512 -16
119 768 -22
119 1024 -26
119 1280 -29
119 1536 -31
119 1792 -32
119 2048 -32
119 2304 -30
119 2560 -28
119 2816 -24
119 3072 -20
119 3328 -14
119 3584 -9
119 3840 -3
120 0 3
120 256 8
120 512 14
120 768 18
120 1024 22
120 1280 24
120 1536 26
120 1792 27
120 2048 27
120 2304 25
120 2560 23
120 2816 20
120 3072 16
120 3328 12
120 3584 7
120 3840 2
121 0 -2
121 256 -7
121 512 -11
121 768 -15
121 1024 -18
121 1280 -20
121 1536 -22
121 1792 -22
121 2048 -22
121 2304 -21
121 2560 -19
121 2816 -16
121 3072 -13
121 3328 -10
121 3584 -6
121 3840 -2
122 0 2
122 256 6
122 512 9
122 768 12
122 1024 15
122 1280 16
122 1536 18
122 1792 18
122 2048 18
122 2304 17
122 2560 15
122 2816 13
122 3072 11
122 3328 8
122 3584 5
122 3840 2
123 0 -2
123 256 -5
123 512 -7
123 768 -10
123 1024 -12
123 1280 -13
123 1536 -14
123 1792 -14
123 2048 -14
123 2304 -14
123 2560 -12
123 2816 -11
123 3072 -9
123 3328 -6
123 3584 -4
123 3840 -1
124 0 1
124 256 4
124 512 6
124 768 8
124 1024 9
124 1280 10
124 1536 11
124 1792 11
124 2048 11
124 2304 11
124 2560 10
124 2816 8
124 3072 7
124 3328 5
124 3584 3
124 3840 1
125 0 -1
125 256 -3
125 512 -5
125 768 -6
125 1024 -7
125 1280 -8
125 1536 -9
125 1792 -9
125 2048 -9
125 2304 -8
125 2560 -7
125 2816 -6
125 3072 -5
125 3328 -4
125 3584 -2
125 3840 -1
126 0 1
126 256 2
126 512 3
126 768 4
126 1024 5
126 1280 6
126 1536 6
126 1792 7
126 2048 6
126 2304 6
126 2560 5
126 2816 5
126 3072 4
126 3328 3
126 3584 2
126 3840 1
127 0 -1
127 256 -2
127 512 -2
127 768 -3
127 1024 -4
127 1280 -4
127 1536 -5
127 1792 -5
127 2048 -5
127 2304 -4
127 2560 -4
127 2816 -3
127 3072 -3
127 3328 -2
127 3584 -1
127 3840 0
