0 0
1 -16777214
2 -33554428
3 -50331642
4 -50331642
5 -67108856
6 -67108856
7 -83886070
8 -83886070
9 -83886070
10 -67108856
11 -67108856
12 -50331642
13 -33554428
14 -33554428
15 -16777214
16 2214592248
17 33554428
18 50331642
19 67108856
20 83886070
21 83886070
22 100663284
23 100663284
24 117440498
25 100663284
26 100663284
27 83886070
28 67108856
29 50331642
30 33554428
31 16777214
32 63837299270
33 -33554428
34 -67108856
35 -83886070
36 -100663284
37 -117440498
38 -134217712
39 -150994926
40 -150994926
41 -150994926
42 -134217712
43 -117440498
44 -100663284
45 -83886070
46 -50331642
47 -16777214
48 -63870853698
49 50331642
50 83886070
51 117440498
52 134217712
53 167772140
54 184549354
55 184549354
56 184549354
57 184549354
58 167772140
59 150994926
60 134217712
61 100663284
62 67108856
63 16777214
64 63904408126
65 -67108856
66 -100663284
67 -150994926
68 -184549354
69 -201326568
70 -234880996
71 -234880996
72 -234880996
73 -234880996
74 -218103782
75 -201326568
76 -167772140
77 -117440498
78 -83886070
79 -33554428
80 -61790479162
81 83886070
82 134217712
83 184549354
84 218103782
85 251658210
86 285212638
87 301989852
88 301989852
89 301989852
90 268435424
91 251658210
92 201326568
93 150994926
94 100663284
95 33554428
96 127943033964
97 -100663284
98 -167772140
99 -218103782
100 -268435424
101 -318767066
102 -352321494
103 -369098708
104 -369098708
105 -369098708
106 -335544280
107 -301989852
108 -251658210
109 -184549354
110 -117440498
111 -33554428
112 -128010142820
113 117440498
114 201326568
115 268435424
116 335544280
117 385875922
118 419430350
119 452984778
120 452984778
121 436207564
122 402653136
123 369098708
124 301989852
125 234880996
126 134217712
127 50331642
128 125980099926
129 -150994926
130 -234880996
131 -335544280
132 -402653136
133 -469761992
134 -503316420
135 -536870848
136 -536870848
137 -520093634
138 -486539206
139 -436207564
140 -369098708
141 -268435424
142 -167772140
143 -50331642
144 -192216540798
145 167772140
146 285212638
147 385875922
148 486539206
149 553648062
150 603979704
151 637534132
152 654311346
153 620756918
154 587202490
155 520093634
156 436207564
157 318767066
158 201326568
159 67108856
160 190253606760
161 -201326568
162 -335544280
163 -469761992
164 -570425276
165 -654311346
166 -721420202
167 -754974630
168 -754974630
169 -738197416
170 -687865774
171 -603979704
172 -503316420
173 -385875922
174 -234880996
175 -83886070
176 -254510336380
177 251658210
178 402653136
179 536870848
180 671088560
181 771751844
182 838860700
183 889192342
184 889192342
185 872415128
186 805306272
187 721420202
188 587202490
189 436207564
190 268435424
191 100663284
192 318834174856
193 -285212638
194 -469761992
195 -637534132
196 -771751844
197 -889192342
198 -973078412
199 -1023410054
200 -1040187268
201 -1006632840
202 -939523984
203 -822083486
204 -687865774
205 -520093634
206 -318767066
207 -117440498
208 -383225122188
209 335544280
210 536870848
211 738197416
212 905969556
213 1040187268
214 1140850552
215 1191182194
216 1207959408
217 1174404980
218 1090518910
219 956301198
220 788529058
221 587202490
222 369098708
223 134217712
224 447683178376
225 -385875922
226 -620756918
227 -838860700
228 -1040187268
229 -1191182194
230 -1308622692
231 -1375731548
232 -1375731548
233 -1342177120
234 -1241513836
235 -1107296124
236 -905969556
237 -687865774
238 -419430350
239 -150994926
240 -512208343420
241 436207564
242 721420202
243 973078412
244 1191182194
245 1375731548
246 1493172046
247 1577058116
248 1577058116
249 1526726474
250 1426063190
251 1258291050
252 1040187268
253 788529058
254 486539206
255 167772140
256 576800617320
257 -503316420
258 -822083486
259 -1107296124
260 -1358954334
261 -1560280902
262 -1711275828
263 -1795161898
264 -1795161898
265 -1744830256
266 -1627389758
267 -1442840404
268 -1191182194
269 -889192342
270 -553648062
271 -184549354
272 0
273 0
274 0
275 0
276 0
277 0
278 0
279 0
280 0
281 0
282 0
283 0
284 0
285 0
286 0
287 0
288 0
289 0
290 0
291 0
292 0
293 0
294 0
295 0
296 0
297 0
298 0
299 0
300 0
301 0
302 0
303 0
304 0
305 0
306 0
307 0
308 0
309 0
310 0
311 0
312 0
313 0
314 0
315 0
316 0
317 0
318 0
319 0
320 0
321 0
322 0
323 0
324 0
325 0
326 0
327 0
328 0
329 0
330 0
331 0
332 0
333 0
334 0
335 0
336 0
337 0
338 0
339 0
340 0
341 0
342 0
343 0
344 0
345 0
346 0
347 0
348 0
349 0
350 0
351 0
352 0
353 0
354 0
355 0
356 0
357 0
358 0
359 0
360 0
361 0
362 0
363 0
364 0
365 0
366 0
367 0
368 0
369 0
370 0
371 0
372 0
373 0
374 0
375 0
376 0
377 0
378 0
379 0
380 0
381 0
382 0
383 0
384 0
385 0
386 0
387 0
388 0
389 0
390 0
391 0
392 0
393 0
394 0
395 0
396 0
397 0
398 0
399 0
400 0
401 0
402 0
403 0
404 0
405 0
406 0
407 0
408 0
409 0
410 0
411 0
412 0
413 0
414 0
415 0
416 0
417 0
418 0
419 0
420 0
421 0
422 0
423 0
424 0
425 0
426 0
427 0
428 0
429 0
430 0
431 0
432 0
433 0
434 0
435 0
436 0
437 0
438 0
439 0
440 0
441 0
442 0
443 0
444 0
445 0
446 0
447 0
448 0
449 0
450 0
451 0
452 0
453 0
454 0
455 0
456 0
457 0
458 0
459 0
460 0
461 0
462 0
463 0
464 0
465 0
466 0
467 0
468 0
469 0
470 0
471 0
472 0
473 0
474 0
475 0
476 0
477 0
478 0
479 0
480 0
481 0
482 0
483 0
484 0
485 0
486 0
487 0
488 0
489 0
490 0
491 0
492 0
493 0
494 0
495 0
496 0
497 0
498 0
499 0
500 0
501 0
502 0
503 0
504 0
505 0
506 0
507 0
508 0
509 0
510 0
511 0
