0 128 128
1 128 128
2 128 128
3 128 128
4 128 128
5 128 128
6 128 128
7 127 127
8 128 128
9 128 128
10 127 127
11 127 127
12 128 128
13 133 133
14 117 117
15 137 137
16 127 127
17 123 123
18 127 127
19 132 132
20 128 128
21 123 123
22 132 132
23 128 128
24 128 128
25 129 129
26 128 128
27 129 129
28 128 128
29 124 124
30 134 134
31 123 123
32 129 129
33 127 127
34 132 132
35 124 124
36 128 128
37 134 134
38 120 120
39 137 137
40 120 120
41 137 137
42 119 119
43 137 137
44 123 123
45 128 128
46 127 127
47 132 132
48 126 126
49 127 127
50 129 129
51 124 124
52 133 133
53 125 125
54 126 126
55 134 134
56 123 123
57 130 130
58 126 126
59 132 132
60 125 125
61 127 127
62 133 133
63 122 122
64 134 134
65 123 123
66 133 133
67 126 126
68 127 127
69 128 128
70 127 127
71 131 131
72 129 129
73 122 122
74 134 134
75 125 125
76 125 125
77 133 133
78 127 127
79 122 122
80 138 138
81 122 122
82 130 130
83 125 125
84 133 133
85 125 125
86 129 129
87 127 127
88 125 125
89 134 134
90 121 121
91 137 137
92 117 117
93 138 138
94 121 121
95 130 130
96 130 130
97 124 124
98 130 130
99 126 126
100 133 133
101 120 120
102 134 134
103 129 129
104 123 123
